0 0.5289351851851852 0.4345703125 0.9212962962962963 0.6158854166666667
1 0.5458866065247491 0.1702395738909886 0.8276598736587055 0.06722053220255653
2 0.6314509237625475 0.3001387104445776 0.6995824679820006 0.03996896509341202
3 0.5792513088438906 0.3485859408608345 0.5585896936656283 0.032701880530973504
4 0.4813097633264105 0.3746263272095727 0.599488361024576 0.04723604965585054
5 0.44525435920733814 0.27349273371563626 0.5553608515057114 0.04118014585381835
6 0.43933481524749046 0.23352376862222424 0.5671999394254067 0.04239132661422482
7 0.21546842549325027 0.5962724063639483 0.261536214953271 0.2652485865290069
8 0.44363993812737973 0.6032366957362852 0.13884021287642778 0.2622206346279908
9 0.5620308173243337 0.5993003582649643 0.1689760730356526 0.26888212881022605
10 0.7218585042402215 0.5814354420489696 0.16359466943579093 0.2222516695345787
11 0.8913727176358601 0.5999059486451676 0.17543375735548628 0.2725156710914454