0 0.5231481481481481 0.4390869140625 0.9282407407407407 0.6119791666666667
1 0.48092846789546545 0.03696484021389353 0.8230545820353062 0.06528591309405118
2 0.5758128894080996 0.16723159204174332 0.6961805555555554 0.05369308740445333
3 0.555751611716857 0.1284871482896662 0.5346059406368986 0.02867698986374212
4 0.5199666298892349 0.2171620972214366 0.5454498745240567 0.048201748919906945
5 0.3795376860505365 0.14343579194204242 0.5378591208030461 0.031727733466267866
6 0.38333306291104186 0.10194567894769213 0.5584625951886466 0.043930707876370836
7 0.15777923805815158 0.46406895387763 0.29820818189685006 0.26541469341974067
8 0.3817064728279681 0.47322118468520724 0.15615264797507789 0.25565231389165827
9 0.5064117125302873 0.4692552180019238 0.16699658186223593 0.27090603190428714
10 0.6603955737279334 0.44790001278424346 0.1691653686396677 0.22941591890993684
11 0.8322719258393907 0.4701704410826815 0.1810936959155417 0.27395677550681297