0 0.537037037037037 0.4166666666666667 0.9166666666666666 0.6215277777777778
1 0.5397652097480007 0.1676088128842505 0.8288690476190477 0.07203691224917644
2 0.4475033049860959 0.23378225553174975 0.5699404761904763 0.04355720275531594
3 0.6126818764146674 0.2614243265110849 0.5282738095238095 0.030154986522911043
4 0.4475033049860959 0.2756641812580151 0.5699404761904763 0.036856094639113546
5 0.6379794954622864 0.3016309752082996 0.7008928571428572 0.0502583108715185
6 0.441550924033715 0.3141955529261793 0.549107142857143 0.03350554058101235
7 0.5769675907003817 0.3481199127644542 0.5520833333333334 0.036018456124588205
8 0.6394675907003816 0.395725703803534 0.4389880952380953 0.046907756813417245
9 0.3577911691126535 0.5602558087877986 0.09850146198830412 0.17660898603521558
10 0.4382005258377998 0.5981814607486289 0.14272660818713462 0.24793184578020638
11 0.5628350287617763 0.5953511798992207 0.17086988304093564 0.2603850435134587
12 0.727674210048326 0.5823319277235478 0.17489035087719296 0.2343465391621129
13 0.8894980404576827 0.5957285545659292 0.1849415204678363 0.2535923902044121