0 0.5196759259259259 0.4419148763020833 0.9166666666666667 0.6197916666666666
1 0.5515343760816891 0.1709255906239867 0.8288551401869158 0.06812885051880677
2 0.45301412686050535 0.23423115969013458 0.5804127725856698 0.044012443255512346
3 0.6088260427483558 0.2631708484060879 0.5322235202492211 0.024719317444876765
4 0.44123453184492906 0.27462614185615275 0.5397196261682243 0.034365880350194555
5 0.6313143605053652 0.29753672875628245 0.6735786604361371 0.05727646725032426
6 0.442840840256144 0.3150211240221709 0.5622079439252337 0.030748419260700377
7 0.5724163854274835 0.3493870043723655 0.549357476635514 0.034365880350194555
8 0.6409522109726549 0.39852418417132784 0.4315615264797509 0.037983341439688734
9 0.35663562218760814 0.5616113882893564 0.11779595015576322 0.18207887483787283
10 0.4390927872966425 0.6038151010001216 0.14778037383177578 0.26045719844357984
11 0.5654557156455521 0.6020063704553745 0.18419003115264787 0.27492704280155644
12 0.7223385038075458 0.5833161548263214 0.1702686915887851 0.22669422827496755
13 0.8851110894773278 0.607734017180407 0.17241043613707163 0.2815590547989624