0 0.5428769364316239 0.49919052994296575 0.6805555555555555 0.8022813688212926
1 0.3552080108476593 0.5131011032324051 0.09169823232323232 0.548618877208678
2 0.5943967734739218 0.3557910309145046 0.3181818181818181 0.17500745545366442
3 0.6214643239789723 0.5268657345602215 0.29719065656565646 0.18680571087750686
4 0.6087591472112955 0.6979404382059382 0.3800505050505049 0.10421792291060916
1 0.3552080108476593 0.5131011032324051 0.09169823232323232 0.548618877208678
2 0.5943967734739218 0.3557910309145046 0.3181818181818181 0.17500745545366442
3 0.6214643239789723 0.5268657345602215 0.29719065656565646 0.18680571087750686
4 0.6087591472112955 0.6979404382059382 0.3800505050505049 0.10421792291060916
1 0.3552080108476593 0.5131011032324051 0.09169823232323232 0.548618877208678
2 0.5943967734739218 0.3557910309145046 0.3181818181818181 0.17500745545366442
3 0.6214643239789723 0.5268657345602215 0.29719065656565646 0.18680571087750686
4 0.6087591472112955 0.6979404382059382 0.3800505050505049 0.10421792291060916
1 0.3552080108476593 0.5131011032324051 0.09169823232323232 0.548618877208678
2 0.5943967734739218 0.3557910309145046 0.3181818181818181 0.17500745545366442
3 0.6214643239789723 0.5268657345602215 0.29719065656565646 0.18680571087750686
4 0.6087591472112955 0.6979404382059382 0.3800505050505049 0.10421792291060916